2.in
2,40,16								2,40,16
-------------------------------------------------------
6.in
1,2,9								1,2,9
-------------------------------------------------------
7.in
1,25,9								1,25,9
-------------------------------------------------------
3.in
1,0,0								1,0,0
-------------------------------------------------------
8.in
1,34,16								1,34,16
-------------------------------------------------------
9.in
2,20,6								2,20,6
-------------------------------------------------------
10.in
1,4,4								1,4,4
-------------------------------------------------------
4.in
1,34,19								1,34,19
-------------------------------------------------------
1.in
1,14,9								1,14,9
-------------------------------------------------------
5.in
4,2,2								4,2,2
-------------------------------------------------------
